{
 "cells": [
  {
   "cell_type": "code",
   "execution_count": 1,
   "metadata": {},
   "outputs": [],
   "source": [
    "import numpy as np\n",
    "import pandas as pd\n",
    "\n",
    "from sklearn.feature_selection import RFECV\n",
    "from sklearn.model_selection import GridSearchCV, StratifiedKFold, train_test_split\n",
    "\n",
    "import lightgbm as lgbm\n",
    "\n",
    "from IPython.display import display"
   ]
  },
  {
   "cell_type": "code",
   "execution_count": 2,
   "metadata": {},
   "outputs": [],
   "source": [
    "df = pd.read_csv('data/train_final.csv', index_col='Id')\n",
    "df_ult = pd.read_csv('data/test_final.csv', index_col='Id')\n",
    "\n",
    "X = df.drop('Y', axis='columns').values\n",
    "y = df['Y'].values\n",
    "\n",
    "X_ult = df_ult.values\n",
    "\n",
    "scale_pos_weight = len(y[y == 0])/len(y[y == 1])"
   ]
  },
  {
   "cell_type": "code",
   "execution_count": 4,
   "metadata": {},
   "outputs": [
    {
     "data": {
      "text/html": [
       "<div>\n",
       "<style scoped>\n",
       "    .dataframe tbody tr th:only-of-type {\n",
       "        vertical-align: middle;\n",
       "    }\n",
       "\n",
       "    .dataframe tbody tr th {\n",
       "        vertical-align: top;\n",
       "    }\n",
       "\n",
       "    .dataframe thead th {\n",
       "        text-align: right;\n",
       "    }\n",
       "</style>\n",
       "<table border=\"1\" class=\"dataframe\">\n",
       "  <thead>\n",
       "    <tr style=\"text-align: right;\">\n",
       "      <th></th>\n",
       "      <th>f1</th>\n",
       "      <th>f2</th>\n",
       "      <th>f3</th>\n",
       "      <th>f4</th>\n",
       "      <th>f5</th>\n",
       "      <th>f6</th>\n",
       "      <th>f7</th>\n",
       "      <th>f8</th>\n",
       "      <th>f9</th>\n",
       "      <th>f10</th>\n",
       "      <th>...</th>\n",
       "      <th>f15</th>\n",
       "      <th>f16</th>\n",
       "      <th>f17</th>\n",
       "      <th>f18</th>\n",
       "      <th>f19</th>\n",
       "      <th>f20</th>\n",
       "      <th>f21</th>\n",
       "      <th>f22</th>\n",
       "      <th>f23</th>\n",
       "      <th>f24</th>\n",
       "    </tr>\n",
       "  </thead>\n",
       "  <tbody>\n",
       "    <tr>\n",
       "      <th>f1</th>\n",
       "      <td>1.000000</td>\n",
       "      <td>-0.003391</td>\n",
       "      <td>-0.004638</td>\n",
       "      <td>0.014199</td>\n",
       "      <td>-0.004121</td>\n",
       "      <td>-0.003148</td>\n",
       "      <td>0.001298</td>\n",
       "      <td>0.021653</td>\n",
       "      <td>-0.000203</td>\n",
       "      <td>-0.012698</td>\n",
       "      <td>...</td>\n",
       "      <td>0.004943</td>\n",
       "      <td>0.029470</td>\n",
       "      <td>0.031858</td>\n",
       "      <td>-0.000300</td>\n",
       "      <td>-0.001946</td>\n",
       "      <td>0.002467</td>\n",
       "      <td>-0.008155</td>\n",
       "      <td>-0.009366</td>\n",
       "      <td>0.006847</td>\n",
       "      <td>-0.002102</td>\n",
       "    </tr>\n",
       "    <tr>\n",
       "      <th>f2</th>\n",
       "      <td>-0.003391</td>\n",
       "      <td>1.000000</td>\n",
       "      <td>0.026442</td>\n",
       "      <td>0.006225</td>\n",
       "      <td>0.006678</td>\n",
       "      <td>0.002049</td>\n",
       "      <td>-0.012170</td>\n",
       "      <td>0.009720</td>\n",
       "      <td>-0.011067</td>\n",
       "      <td>-0.006072</td>\n",
       "      <td>...</td>\n",
       "      <td>-0.003320</td>\n",
       "      <td>-0.004262</td>\n",
       "      <td>0.010071</td>\n",
       "      <td>0.011750</td>\n",
       "      <td>-0.003790</td>\n",
       "      <td>0.006677</td>\n",
       "      <td>0.018798</td>\n",
       "      <td>-0.008867</td>\n",
       "      <td>-0.001677</td>\n",
       "      <td>0.011586</td>\n",
       "    </tr>\n",
       "    <tr>\n",
       "      <th>f3</th>\n",
       "      <td>-0.004638</td>\n",
       "      <td>0.026442</td>\n",
       "      <td>1.000000</td>\n",
       "      <td>0.000483</td>\n",
       "      <td>-0.002410</td>\n",
       "      <td>-0.000694</td>\n",
       "      <td>0.000510</td>\n",
       "      <td>-0.007852</td>\n",
       "      <td>-0.002839</td>\n",
       "      <td>-0.000573</td>\n",
       "      <td>...</td>\n",
       "      <td>-0.002022</td>\n",
       "      <td>-0.000046</td>\n",
       "      <td>-0.008306</td>\n",
       "      <td>-0.001172</td>\n",
       "      <td>-0.002480</td>\n",
       "      <td>0.000133</td>\n",
       "      <td>0.003409</td>\n",
       "      <td>-0.000812</td>\n",
       "      <td>-0.000196</td>\n",
       "      <td>-0.002820</td>\n",
       "    </tr>\n",
       "    <tr>\n",
       "      <th>f4</th>\n",
       "      <td>0.014199</td>\n",
       "      <td>0.006225</td>\n",
       "      <td>0.000483</td>\n",
       "      <td>1.000000</td>\n",
       "      <td>0.009693</td>\n",
       "      <td>-0.006871</td>\n",
       "      <td>0.038115</td>\n",
       "      <td>0.017708</td>\n",
       "      <td>-0.008797</td>\n",
       "      <td>-0.002021</td>\n",
       "      <td>...</td>\n",
       "      <td>0.000530</td>\n",
       "      <td>0.005781</td>\n",
       "      <td>0.066988</td>\n",
       "      <td>-0.001787</td>\n",
       "      <td>0.007615</td>\n",
       "      <td>0.006043</td>\n",
       "      <td>-0.005255</td>\n",
       "      <td>0.008059</td>\n",
       "      <td>0.000067</td>\n",
       "      <td>-0.003628</td>\n",
       "    </tr>\n",
       "    <tr>\n",
       "      <th>f5</th>\n",
       "      <td>-0.004121</td>\n",
       "      <td>0.006678</td>\n",
       "      <td>-0.002410</td>\n",
       "      <td>0.009693</td>\n",
       "      <td>1.000000</td>\n",
       "      <td>0.008260</td>\n",
       "      <td>0.005845</td>\n",
       "      <td>-0.009440</td>\n",
       "      <td>-0.003951</td>\n",
       "      <td>-0.001085</td>\n",
       "      <td>...</td>\n",
       "      <td>-0.002781</td>\n",
       "      <td>-0.001335</td>\n",
       "      <td>0.004467</td>\n",
       "      <td>0.000422</td>\n",
       "      <td>0.010716</td>\n",
       "      <td>-0.008261</td>\n",
       "      <td>-0.004549</td>\n",
       "      <td>-0.007948</td>\n",
       "      <td>-0.001700</td>\n",
       "      <td>-0.004421</td>\n",
       "    </tr>\n",
       "    <tr>\n",
       "      <th>f6</th>\n",
       "      <td>-0.003148</td>\n",
       "      <td>0.002049</td>\n",
       "      <td>-0.000694</td>\n",
       "      <td>-0.006871</td>\n",
       "      <td>0.008260</td>\n",
       "      <td>1.000000</td>\n",
       "      <td>0.006861</td>\n",
       "      <td>0.001224</td>\n",
       "      <td>0.001379</td>\n",
       "      <td>0.013056</td>\n",
       "      <td>...</td>\n",
       "      <td>0.009897</td>\n",
       "      <td>0.007094</td>\n",
       "      <td>0.001291</td>\n",
       "      <td>0.015064</td>\n",
       "      <td>-0.005578</td>\n",
       "      <td>-0.002008</td>\n",
       "      <td>-0.002715</td>\n",
       "      <td>0.006413</td>\n",
       "      <td>-0.001689</td>\n",
       "      <td>-0.006430</td>\n",
       "    </tr>\n",
       "    <tr>\n",
       "      <th>f7</th>\n",
       "      <td>0.001298</td>\n",
       "      <td>-0.012170</td>\n",
       "      <td>0.000510</td>\n",
       "      <td>0.038115</td>\n",
       "      <td>0.005845</td>\n",
       "      <td>0.006861</td>\n",
       "      <td>1.000000</td>\n",
       "      <td>0.000741</td>\n",
       "      <td>0.002666</td>\n",
       "      <td>-0.011992</td>\n",
       "      <td>...</td>\n",
       "      <td>-0.012774</td>\n",
       "      <td>0.000034</td>\n",
       "      <td>0.019590</td>\n",
       "      <td>-0.005491</td>\n",
       "      <td>0.015218</td>\n",
       "      <td>0.017307</td>\n",
       "      <td>0.002906</td>\n",
       "      <td>-0.007056</td>\n",
       "      <td>0.001074</td>\n",
       "      <td>0.000610</td>\n",
       "    </tr>\n",
       "    <tr>\n",
       "      <th>f8</th>\n",
       "      <td>0.021653</td>\n",
       "      <td>0.009720</td>\n",
       "      <td>-0.007852</td>\n",
       "      <td>0.017708</td>\n",
       "      <td>-0.009440</td>\n",
       "      <td>0.001224</td>\n",
       "      <td>0.000741</td>\n",
       "      <td>1.000000</td>\n",
       "      <td>-0.008102</td>\n",
       "      <td>-0.007583</td>\n",
       "      <td>...</td>\n",
       "      <td>-0.019469</td>\n",
       "      <td>-0.008580</td>\n",
       "      <td>-0.184269</td>\n",
       "      <td>0.003078</td>\n",
       "      <td>0.166054</td>\n",
       "      <td>-0.000723</td>\n",
       "      <td>-0.015716</td>\n",
       "      <td>0.006589</td>\n",
       "      <td>-0.005096</td>\n",
       "      <td>-0.004944</td>\n",
       "    </tr>\n",
       "    <tr>\n",
       "      <th>f9</th>\n",
       "      <td>-0.000203</td>\n",
       "      <td>-0.011067</td>\n",
       "      <td>-0.002839</td>\n",
       "      <td>-0.008797</td>\n",
       "      <td>-0.003951</td>\n",
       "      <td>0.001379</td>\n",
       "      <td>0.002666</td>\n",
       "      <td>-0.008102</td>\n",
       "      <td>1.000000</td>\n",
       "      <td>-0.001562</td>\n",
       "      <td>...</td>\n",
       "      <td>0.002999</td>\n",
       "      <td>0.011958</td>\n",
       "      <td>-0.000545</td>\n",
       "      <td>-0.017294</td>\n",
       "      <td>-0.000429</td>\n",
       "      <td>0.005832</td>\n",
       "      <td>-0.009139</td>\n",
       "      <td>0.000264</td>\n",
       "      <td>-0.001326</td>\n",
       "      <td>-0.001005</td>\n",
       "    </tr>\n",
       "    <tr>\n",
       "      <th>f10</th>\n",
       "      <td>-0.012698</td>\n",
       "      <td>-0.006072</td>\n",
       "      <td>-0.000573</td>\n",
       "      <td>-0.002021</td>\n",
       "      <td>-0.001085</td>\n",
       "      <td>0.013056</td>\n",
       "      <td>-0.011992</td>\n",
       "      <td>-0.007583</td>\n",
       "      <td>-0.001562</td>\n",
       "      <td>1.000000</td>\n",
       "      <td>...</td>\n",
       "      <td>0.001688</td>\n",
       "      <td>-0.006509</td>\n",
       "      <td>0.006255</td>\n",
       "      <td>-0.004871</td>\n",
       "      <td>-0.006443</td>\n",
       "      <td>-0.005890</td>\n",
       "      <td>-0.006236</td>\n",
       "      <td>-0.005660</td>\n",
       "      <td>-0.000736</td>\n",
       "      <td>0.012982</td>\n",
       "    </tr>\n",
       "    <tr>\n",
       "      <th>f11</th>\n",
       "      <td>0.006446</td>\n",
       "      <td>-0.003517</td>\n",
       "      <td>-0.002480</td>\n",
       "      <td>0.005120</td>\n",
       "      <td>-0.009862</td>\n",
       "      <td>-0.008838</td>\n",
       "      <td>0.003479</td>\n",
       "      <td>-0.007601</td>\n",
       "      <td>0.008261</td>\n",
       "      <td>-0.005119</td>\n",
       "      <td>...</td>\n",
       "      <td>0.010386</td>\n",
       "      <td>0.002799</td>\n",
       "      <td>0.008112</td>\n",
       "      <td>-0.008551</td>\n",
       "      <td>0.001052</td>\n",
       "      <td>-0.001837</td>\n",
       "      <td>-0.001635</td>\n",
       "      <td>-0.006013</td>\n",
       "      <td>-0.001692</td>\n",
       "      <td>0.004997</td>\n",
       "    </tr>\n",
       "    <tr>\n",
       "      <th>f12</th>\n",
       "      <td>0.003792</td>\n",
       "      <td>0.005779</td>\n",
       "      <td>-0.000812</td>\n",
       "      <td>0.004193</td>\n",
       "      <td>-0.000870</td>\n",
       "      <td>0.014473</td>\n",
       "      <td>-0.003130</td>\n",
       "      <td>-0.010722</td>\n",
       "      <td>-0.004022</td>\n",
       "      <td>-0.000463</td>\n",
       "      <td>...</td>\n",
       "      <td>0.015798</td>\n",
       "      <td>-0.001241</td>\n",
       "      <td>0.010549</td>\n",
       "      <td>-0.003646</td>\n",
       "      <td>-0.004741</td>\n",
       "      <td>0.002017</td>\n",
       "      <td>-0.005353</td>\n",
       "      <td>-0.005680</td>\n",
       "      <td>-0.000480</td>\n",
       "      <td>-0.000572</td>\n",
       "    </tr>\n",
       "    <tr>\n",
       "      <th>f13</th>\n",
       "      <td>0.008371</td>\n",
       "      <td>0.002434</td>\n",
       "      <td>-0.002071</td>\n",
       "      <td>0.012451</td>\n",
       "      <td>-0.011013</td>\n",
       "      <td>-0.003947</td>\n",
       "      <td>-0.007024</td>\n",
       "      <td>0.091076</td>\n",
       "      <td>0.000127</td>\n",
       "      <td>-0.004797</td>\n",
       "      <td>...</td>\n",
       "      <td>-0.003131</td>\n",
       "      <td>0.010655</td>\n",
       "      <td>-0.153325</td>\n",
       "      <td>0.011311</td>\n",
       "      <td>0.149742</td>\n",
       "      <td>-0.003837</td>\n",
       "      <td>-0.005747</td>\n",
       "      <td>-0.000905</td>\n",
       "      <td>-0.002714</td>\n",
       "      <td>0.004196</td>\n",
       "    </tr>\n",
       "    <tr>\n",
       "      <th>f14</th>\n",
       "      <td>0.003478</td>\n",
       "      <td>-0.002164</td>\n",
       "      <td>0.003601</td>\n",
       "      <td>0.005489</td>\n",
       "      <td>-0.013923</td>\n",
       "      <td>0.007330</td>\n",
       "      <td>0.004554</td>\n",
       "      <td>-0.004890</td>\n",
       "      <td>0.011748</td>\n",
       "      <td>-0.007054</td>\n",
       "      <td>...</td>\n",
       "      <td>0.000191</td>\n",
       "      <td>0.006389</td>\n",
       "      <td>0.005140</td>\n",
       "      <td>-0.005906</td>\n",
       "      <td>0.014349</td>\n",
       "      <td>0.006008</td>\n",
       "      <td>0.013998</td>\n",
       "      <td>-0.007585</td>\n",
       "      <td>-0.009547</td>\n",
       "      <td>-0.001239</td>\n",
       "    </tr>\n",
       "    <tr>\n",
       "      <th>f15</th>\n",
       "      <td>0.004943</td>\n",
       "      <td>-0.003320</td>\n",
       "      <td>-0.002022</td>\n",
       "      <td>0.000530</td>\n",
       "      <td>-0.002781</td>\n",
       "      <td>0.009897</td>\n",
       "      <td>-0.012774</td>\n",
       "      <td>-0.019469</td>\n",
       "      <td>0.002999</td>\n",
       "      <td>0.001688</td>\n",
       "      <td>...</td>\n",
       "      <td>1.000000</td>\n",
       "      <td>-0.002317</td>\n",
       "      <td>-0.119782</td>\n",
       "      <td>-0.009962</td>\n",
       "      <td>0.025024</td>\n",
       "      <td>-0.002332</td>\n",
       "      <td>0.004654</td>\n",
       "      <td>-0.000909</td>\n",
       "      <td>-0.005482</td>\n",
       "      <td>0.006557</td>\n",
       "    </tr>\n",
       "    <tr>\n",
       "      <th>f16</th>\n",
       "      <td>0.029470</td>\n",
       "      <td>-0.004262</td>\n",
       "      <td>-0.000046</td>\n",
       "      <td>0.005781</td>\n",
       "      <td>-0.001335</td>\n",
       "      <td>0.007094</td>\n",
       "      <td>0.000034</td>\n",
       "      <td>-0.008580</td>\n",
       "      <td>0.011958</td>\n",
       "      <td>-0.006509</td>\n",
       "      <td>...</td>\n",
       "      <td>-0.002317</td>\n",
       "      <td>1.000000</td>\n",
       "      <td>0.035102</td>\n",
       "      <td>-0.001086</td>\n",
       "      <td>-0.004557</td>\n",
       "      <td>0.010950</td>\n",
       "      <td>-0.002447</td>\n",
       "      <td>-0.006266</td>\n",
       "      <td>0.003021</td>\n",
       "      <td>0.002618</td>\n",
       "    </tr>\n",
       "    <tr>\n",
       "      <th>f17</th>\n",
       "      <td>0.031858</td>\n",
       "      <td>0.010071</td>\n",
       "      <td>-0.008306</td>\n",
       "      <td>0.066988</td>\n",
       "      <td>0.004467</td>\n",
       "      <td>0.001291</td>\n",
       "      <td>0.019590</td>\n",
       "      <td>-0.184269</td>\n",
       "      <td>-0.000545</td>\n",
       "      <td>0.006255</td>\n",
       "      <td>...</td>\n",
       "      <td>-0.119782</td>\n",
       "      <td>0.035102</td>\n",
       "      <td>1.000000</td>\n",
       "      <td>0.005611</td>\n",
       "      <td>-0.007941</td>\n",
       "      <td>-0.007229</td>\n",
       "      <td>-0.000305</td>\n",
       "      <td>0.009929</td>\n",
       "      <td>-0.004470</td>\n",
       "      <td>0.007165</td>\n",
       "    </tr>\n",
       "    <tr>\n",
       "      <th>f18</th>\n",
       "      <td>-0.000300</td>\n",
       "      <td>0.011750</td>\n",
       "      <td>-0.001172</td>\n",
       "      <td>-0.001787</td>\n",
       "      <td>0.000422</td>\n",
       "      <td>0.015064</td>\n",
       "      <td>-0.005491</td>\n",
       "      <td>0.003078</td>\n",
       "      <td>-0.017294</td>\n",
       "      <td>-0.004871</td>\n",
       "      <td>...</td>\n",
       "      <td>-0.009962</td>\n",
       "      <td>-0.001086</td>\n",
       "      <td>0.005611</td>\n",
       "      <td>1.000000</td>\n",
       "      <td>0.001969</td>\n",
       "      <td>0.001873</td>\n",
       "      <td>0.011628</td>\n",
       "      <td>0.000405</td>\n",
       "      <td>0.023746</td>\n",
       "      <td>-0.010794</td>\n",
       "    </tr>\n",
       "    <tr>\n",
       "      <th>f19</th>\n",
       "      <td>-0.001946</td>\n",
       "      <td>-0.003790</td>\n",
       "      <td>-0.002480</td>\n",
       "      <td>0.007615</td>\n",
       "      <td>0.010716</td>\n",
       "      <td>-0.005578</td>\n",
       "      <td>0.015218</td>\n",
       "      <td>0.166054</td>\n",
       "      <td>-0.000429</td>\n",
       "      <td>-0.006443</td>\n",
       "      <td>...</td>\n",
       "      <td>0.025024</td>\n",
       "      <td>-0.004557</td>\n",
       "      <td>-0.007941</td>\n",
       "      <td>0.001969</td>\n",
       "      <td>1.000000</td>\n",
       "      <td>0.003784</td>\n",
       "      <td>-0.009134</td>\n",
       "      <td>-0.005799</td>\n",
       "      <td>-0.002440</td>\n",
       "      <td>-0.010936</td>\n",
       "    </tr>\n",
       "    <tr>\n",
       "      <th>f20</th>\n",
       "      <td>0.002467</td>\n",
       "      <td>0.006677</td>\n",
       "      <td>0.000133</td>\n",
       "      <td>0.006043</td>\n",
       "      <td>-0.008261</td>\n",
       "      <td>-0.002008</td>\n",
       "      <td>0.017307</td>\n",
       "      <td>-0.000723</td>\n",
       "      <td>0.005832</td>\n",
       "      <td>-0.005890</td>\n",
       "      <td>...</td>\n",
       "      <td>-0.002332</td>\n",
       "      <td>0.010950</td>\n",
       "      <td>-0.007229</td>\n",
       "      <td>0.001873</td>\n",
       "      <td>0.003784</td>\n",
       "      <td>1.000000</td>\n",
       "      <td>-0.005553</td>\n",
       "      <td>0.008851</td>\n",
       "      <td>-0.001702</td>\n",
       "      <td>-0.001864</td>\n",
       "    </tr>\n",
       "    <tr>\n",
       "      <th>f21</th>\n",
       "      <td>-0.008155</td>\n",
       "      <td>0.018798</td>\n",
       "      <td>0.003409</td>\n",
       "      <td>-0.005255</td>\n",
       "      <td>-0.004549</td>\n",
       "      <td>-0.002715</td>\n",
       "      <td>0.002906</td>\n",
       "      <td>-0.015716</td>\n",
       "      <td>-0.009139</td>\n",
       "      <td>-0.006236</td>\n",
       "      <td>...</td>\n",
       "      <td>0.004654</td>\n",
       "      <td>-0.002447</td>\n",
       "      <td>-0.000305</td>\n",
       "      <td>0.011628</td>\n",
       "      <td>-0.009134</td>\n",
       "      <td>-0.005553</td>\n",
       "      <td>1.000000</td>\n",
       "      <td>0.009824</td>\n",
       "      <td>-0.001115</td>\n",
       "      <td>-0.005213</td>\n",
       "    </tr>\n",
       "    <tr>\n",
       "      <th>f22</th>\n",
       "      <td>-0.009366</td>\n",
       "      <td>-0.008867</td>\n",
       "      <td>-0.000812</td>\n",
       "      <td>0.008059</td>\n",
       "      <td>-0.007948</td>\n",
       "      <td>0.006413</td>\n",
       "      <td>-0.007056</td>\n",
       "      <td>0.006589</td>\n",
       "      <td>0.000264</td>\n",
       "      <td>-0.005660</td>\n",
       "      <td>...</td>\n",
       "      <td>-0.000909</td>\n",
       "      <td>-0.006266</td>\n",
       "      <td>0.009929</td>\n",
       "      <td>0.000405</td>\n",
       "      <td>-0.005799</td>\n",
       "      <td>0.008851</td>\n",
       "      <td>0.009824</td>\n",
       "      <td>1.000000</td>\n",
       "      <td>-0.000342</td>\n",
       "      <td>0.016978</td>\n",
       "    </tr>\n",
       "    <tr>\n",
       "      <th>f23</th>\n",
       "      <td>0.006847</td>\n",
       "      <td>-0.001677</td>\n",
       "      <td>-0.000196</td>\n",
       "      <td>0.000067</td>\n",
       "      <td>-0.001700</td>\n",
       "      <td>-0.001689</td>\n",
       "      <td>0.001074</td>\n",
       "      <td>-0.005096</td>\n",
       "      <td>-0.001326</td>\n",
       "      <td>-0.000736</td>\n",
       "      <td>...</td>\n",
       "      <td>-0.005482</td>\n",
       "      <td>0.003021</td>\n",
       "      <td>-0.004470</td>\n",
       "      <td>0.023746</td>\n",
       "      <td>-0.002440</td>\n",
       "      <td>-0.001702</td>\n",
       "      <td>-0.001115</td>\n",
       "      <td>-0.000342</td>\n",
       "      <td>1.000000</td>\n",
       "      <td>-0.001168</td>\n",
       "    </tr>\n",
       "    <tr>\n",
       "      <th>f24</th>\n",
       "      <td>-0.002102</td>\n",
       "      <td>0.011586</td>\n",
       "      <td>-0.002820</td>\n",
       "      <td>-0.003628</td>\n",
       "      <td>-0.004421</td>\n",
       "      <td>-0.006430</td>\n",
       "      <td>0.000610</td>\n",
       "      <td>-0.004944</td>\n",
       "      <td>-0.001005</td>\n",
       "      <td>0.012982</td>\n",
       "      <td>...</td>\n",
       "      <td>0.006557</td>\n",
       "      <td>0.002618</td>\n",
       "      <td>0.007165</td>\n",
       "      <td>-0.010794</td>\n",
       "      <td>-0.010936</td>\n",
       "      <td>-0.001864</td>\n",
       "      <td>-0.005213</td>\n",
       "      <td>0.016978</td>\n",
       "      <td>-0.001168</td>\n",
       "      <td>1.000000</td>\n",
       "    </tr>\n",
       "  </tbody>\n",
       "</table>\n",
       "<p>24 rows × 24 columns</p>\n",
       "</div>"
      ],
      "text/plain": [
       "           f1        f2        f3        f4        f5        f6        f7  \\\n",
       "f1   1.000000 -0.003391 -0.004638  0.014199 -0.004121 -0.003148  0.001298   \n",
       "f2  -0.003391  1.000000  0.026442  0.006225  0.006678  0.002049 -0.012170   \n",
       "f3  -0.004638  0.026442  1.000000  0.000483 -0.002410 -0.000694  0.000510   \n",
       "f4   0.014199  0.006225  0.000483  1.000000  0.009693 -0.006871  0.038115   \n",
       "f5  -0.004121  0.006678 -0.002410  0.009693  1.000000  0.008260  0.005845   \n",
       "f6  -0.003148  0.002049 -0.000694 -0.006871  0.008260  1.000000  0.006861   \n",
       "f7   0.001298 -0.012170  0.000510  0.038115  0.005845  0.006861  1.000000   \n",
       "f8   0.021653  0.009720 -0.007852  0.017708 -0.009440  0.001224  0.000741   \n",
       "f9  -0.000203 -0.011067 -0.002839 -0.008797 -0.003951  0.001379  0.002666   \n",
       "f10 -0.012698 -0.006072 -0.000573 -0.002021 -0.001085  0.013056 -0.011992   \n",
       "f11  0.006446 -0.003517 -0.002480  0.005120 -0.009862 -0.008838  0.003479   \n",
       "f12  0.003792  0.005779 -0.000812  0.004193 -0.000870  0.014473 -0.003130   \n",
       "f13  0.008371  0.002434 -0.002071  0.012451 -0.011013 -0.003947 -0.007024   \n",
       "f14  0.003478 -0.002164  0.003601  0.005489 -0.013923  0.007330  0.004554   \n",
       "f15  0.004943 -0.003320 -0.002022  0.000530 -0.002781  0.009897 -0.012774   \n",
       "f16  0.029470 -0.004262 -0.000046  0.005781 -0.001335  0.007094  0.000034   \n",
       "f17  0.031858  0.010071 -0.008306  0.066988  0.004467  0.001291  0.019590   \n",
       "f18 -0.000300  0.011750 -0.001172 -0.001787  0.000422  0.015064 -0.005491   \n",
       "f19 -0.001946 -0.003790 -0.002480  0.007615  0.010716 -0.005578  0.015218   \n",
       "f20  0.002467  0.006677  0.000133  0.006043 -0.008261 -0.002008  0.017307   \n",
       "f21 -0.008155  0.018798  0.003409 -0.005255 -0.004549 -0.002715  0.002906   \n",
       "f22 -0.009366 -0.008867 -0.000812  0.008059 -0.007948  0.006413 -0.007056   \n",
       "f23  0.006847 -0.001677 -0.000196  0.000067 -0.001700 -0.001689  0.001074   \n",
       "f24 -0.002102  0.011586 -0.002820 -0.003628 -0.004421 -0.006430  0.000610   \n",
       "\n",
       "           f8        f9       f10  ...       f15       f16       f17  \\\n",
       "f1   0.021653 -0.000203 -0.012698  ...  0.004943  0.029470  0.031858   \n",
       "f2   0.009720 -0.011067 -0.006072  ... -0.003320 -0.004262  0.010071   \n",
       "f3  -0.007852 -0.002839 -0.000573  ... -0.002022 -0.000046 -0.008306   \n",
       "f4   0.017708 -0.008797 -0.002021  ...  0.000530  0.005781  0.066988   \n",
       "f5  -0.009440 -0.003951 -0.001085  ... -0.002781 -0.001335  0.004467   \n",
       "f6   0.001224  0.001379  0.013056  ...  0.009897  0.007094  0.001291   \n",
       "f7   0.000741  0.002666 -0.011992  ... -0.012774  0.000034  0.019590   \n",
       "f8   1.000000 -0.008102 -0.007583  ... -0.019469 -0.008580 -0.184269   \n",
       "f9  -0.008102  1.000000 -0.001562  ...  0.002999  0.011958 -0.000545   \n",
       "f10 -0.007583 -0.001562  1.000000  ...  0.001688 -0.006509  0.006255   \n",
       "f11 -0.007601  0.008261 -0.005119  ...  0.010386  0.002799  0.008112   \n",
       "f12 -0.010722 -0.004022 -0.000463  ...  0.015798 -0.001241  0.010549   \n",
       "f13  0.091076  0.000127 -0.004797  ... -0.003131  0.010655 -0.153325   \n",
       "f14 -0.004890  0.011748 -0.007054  ...  0.000191  0.006389  0.005140   \n",
       "f15 -0.019469  0.002999  0.001688  ...  1.000000 -0.002317 -0.119782   \n",
       "f16 -0.008580  0.011958 -0.006509  ... -0.002317  1.000000  0.035102   \n",
       "f17 -0.184269 -0.000545  0.006255  ... -0.119782  0.035102  1.000000   \n",
       "f18  0.003078 -0.017294 -0.004871  ... -0.009962 -0.001086  0.005611   \n",
       "f19  0.166054 -0.000429 -0.006443  ...  0.025024 -0.004557 -0.007941   \n",
       "f20 -0.000723  0.005832 -0.005890  ... -0.002332  0.010950 -0.007229   \n",
       "f21 -0.015716 -0.009139 -0.006236  ...  0.004654 -0.002447 -0.000305   \n",
       "f22  0.006589  0.000264 -0.005660  ... -0.000909 -0.006266  0.009929   \n",
       "f23 -0.005096 -0.001326 -0.000736  ... -0.005482  0.003021 -0.004470   \n",
       "f24 -0.004944 -0.001005  0.012982  ...  0.006557  0.002618  0.007165   \n",
       "\n",
       "          f18       f19       f20       f21       f22       f23       f24  \n",
       "f1  -0.000300 -0.001946  0.002467 -0.008155 -0.009366  0.006847 -0.002102  \n",
       "f2   0.011750 -0.003790  0.006677  0.018798 -0.008867 -0.001677  0.011586  \n",
       "f3  -0.001172 -0.002480  0.000133  0.003409 -0.000812 -0.000196 -0.002820  \n",
       "f4  -0.001787  0.007615  0.006043 -0.005255  0.008059  0.000067 -0.003628  \n",
       "f5   0.000422  0.010716 -0.008261 -0.004549 -0.007948 -0.001700 -0.004421  \n",
       "f6   0.015064 -0.005578 -0.002008 -0.002715  0.006413 -0.001689 -0.006430  \n",
       "f7  -0.005491  0.015218  0.017307  0.002906 -0.007056  0.001074  0.000610  \n",
       "f8   0.003078  0.166054 -0.000723 -0.015716  0.006589 -0.005096 -0.004944  \n",
       "f9  -0.017294 -0.000429  0.005832 -0.009139  0.000264 -0.001326 -0.001005  \n",
       "f10 -0.004871 -0.006443 -0.005890 -0.006236 -0.005660 -0.000736  0.012982  \n",
       "f11 -0.008551  0.001052 -0.001837 -0.001635 -0.006013 -0.001692  0.004997  \n",
       "f12 -0.003646 -0.004741  0.002017 -0.005353 -0.005680 -0.000480 -0.000572  \n",
       "f13  0.011311  0.149742 -0.003837 -0.005747 -0.000905 -0.002714  0.004196  \n",
       "f14 -0.005906  0.014349  0.006008  0.013998 -0.007585 -0.009547 -0.001239  \n",
       "f15 -0.009962  0.025024 -0.002332  0.004654 -0.000909 -0.005482  0.006557  \n",
       "f16 -0.001086 -0.004557  0.010950 -0.002447 -0.006266  0.003021  0.002618  \n",
       "f17  0.005611 -0.007941 -0.007229 -0.000305  0.009929 -0.004470  0.007165  \n",
       "f18  1.000000  0.001969  0.001873  0.011628  0.000405  0.023746 -0.010794  \n",
       "f19  0.001969  1.000000  0.003784 -0.009134 -0.005799 -0.002440 -0.010936  \n",
       "f20  0.001873  0.003784  1.000000 -0.005553  0.008851 -0.001702 -0.001864  \n",
       "f21  0.011628 -0.009134 -0.005553  1.000000  0.009824 -0.001115 -0.005213  \n",
       "f22  0.000405 -0.005799  0.008851  0.009824  1.000000 -0.000342  0.016978  \n",
       "f23  0.023746 -0.002440 -0.001702 -0.001115 -0.000342  1.000000 -0.001168  \n",
       "f24 -0.010794 -0.010936 -0.001864 -0.005213  0.016978 -0.001168  1.000000  \n",
       "\n",
       "[24 rows x 24 columns]"
      ]
     },
     "execution_count": 4,
     "metadata": {},
     "output_type": "execute_result"
    }
   ],
   "source": [
    "df.drop('Y', axis='columns').corr()"
   ]
  },
  {
   "cell_type": "code",
   "execution_count": 59,
   "metadata": {},
   "outputs": [],
   "source": [
    "def get_ind(mask): return [index for index, mask_ele in enumerate(mask) if mask_ele==True]\n",
    "\n",
    "def get_best_ind(importances, start=7, number=5):\n",
    "    ranked_features = sorted(range(len(importances)), key=lambda i: importances[i], reverse=True)\n",
    "    return [ranked_features[:i] for i in range(start, start + number)]\n",
    "\n",
    "def get_best_features(model, data, step=1):\n",
    "    rfecv = RFECV(estimator=model, step=step, cv=StratifiedKFold(5), scoring='roc_auc', n_jobs=-1)\n",
    "    return rfecv.fit(data, y)\n",
    "\n",
    "def get_clf():\n",
    "    return lgbm.LGBMClassifier(n_estimators=500,\n",
    "                               learning_rate=0.1, \n",
    "                               boosting_type='goss', \n",
    "                               max_depth=5, \n",
    "                               num_leaves=33,\n",
    "                               objective='binary', \n",
    "                               scale_pos_weight=scale_pos_weight)"
   ]
  },
  {
   "cell_type": "code",
   "execution_count": null,
   "metadata": {},
   "outputs": [],
   "source": [
    "def alter_params(params, dec):\n",
    "    new_params = {}\n",
    "    new_params['n_estimators'] = [round(params['n_estimators'] + np.ceil(dec)), \n",
    "                                  round(params['n_estimators'] - np.ceil(dec))]\n",
    "    new_params['learning_rate'] = [params['learning_rate'] + 0.001 * dec, \n",
    "                                   params['learning_rate'] - 0.001 * dec]\n",
    "    new_params['n_estimators'] = [round(params['num_leaves'] + np.ceil(0.05 * dec)), \n",
    "                                  round(params['num_leaves'] - np.ceil(0.05 * dec))]\n",
    "    new_params['reg_alpha'] = [params['reg_alpha'] * (1 + (0.02 * dec)), \n",
    "                               params['reg_alpha'] * (1 - (0.02 * dec))]\n",
    "    new_params['reg_lambda'] = [params['reg_lambda'] + (0.05 * dec), \n",
    "                                params['reg_lambda'] - (0.05 * dec)]\n",
    "    return new_params\n",
    "\n",
    "start_var_param = [{\n",
    "    'n_estimators':                  500,\n",
    "    'learning_rate':                 0.1, \n",
    "    'num_leaves':                    33, \n",
    "    'reg_alpha':                     0.001, \n",
    "    'reg_lambda':                    1, \n",
    "}]"
   ]
  },
  {
   "cell_type": "code",
   "execution_count": 12,
   "metadata": {},
   "outputs": [],
   "source": [
    "fix_param = {\n",
    "    'boosting_type':                 'goss', \n",
    "    'max_depth':                     5, \n",
    "    'objective':                     'binary', \n",
    "    'scale_pos_weight':              scale_pos_weight,\n",
    "    'n_jobs':                        -1\n",
    "}"
   ]
  },
  {
   "cell_type": "code",
   "execution_count": 116,
   "metadata": {},
   "outputs": [
    {
     "data": {
